王洋 2 4 5 10 11 14 19 26 38 49 52 68 89
贾梓奇 2 17 19 36 48 57 76 77 78 89 91 93 98
张军 1 6 10 17 18 57 58 64 68 74 78 86 93
钱丽娟 1 17 18 44 52 53 54 60 72 75 81 90 93
徐惠 17 19 35 48 49 57 63 64 65 68 78 85 89
钱丽娟 1 17 18 44 52 53 54 60 72 75 81 90 93
钱丽娟 1 17 18 44 52 53 54 60 72 75 81 90 93
苗江 19 62 63 74 85 86 89 90 91 93 94 98 100
裴兆峰 1 22 23 24 25 88 89 90 93 94 95 99 100
孙锐 10 17 19 21 23 42 43 55 62 66 83 89 98
胡伟伟 1 10 14 15 20 29 64 65 66 67 68 69
田小川 23 36 48 57 63 79 89 90 91 92 93 94 95
梁华 2 18 19 22 36 48 51 57 62 82 86 89 91 93 95
邓宏强 2 3 7 19 20 24 25 26 32 33 35 63 64
黄文娟 16 23 34 57 63 65 68 78 82 89 95 98 100
陈秀洁 61 82 94
王雪 2 17 35 51 55 63 65 66 77 79 94 96 97
蒋大俊 1 2 3 4 5 6 7 8 9 10 11 12 13
周晓瑜 2 10 48 57 62 68 71 78 83 85 86 89 91
周晓瑜 2 10 48 57 62 68 71 78 83 85 86 89 91
王张丽 2 10 48 57 62 68 71 78 79 83 85 86 89 91
华俊 15 17 21 31 42 45 49 61 64 79 89 100
陈化新 2 4 10 38 41 45 48 57 62 68 78 89 91
崔加明 23 36 39 42 45 62 63 66 89 90 94 100
曹翔 1 21 23 25 48 49 62 74 79 85 89 94 100
孙云利 1 19 22 36 40 48 49 57 58 63 68 91 93
洪承霞 25 36 39 42 47 50 68 89 90 94 98 100
杨丹 2 10 57 62 65 68 78 79 82 83 89 91
廖姝梓 10 57 63 65 68 78 82 89
李宇 1 6 14 21 37 48 55 56 57 68 72 98 100
顾华东 4 7 15 30 36 47 50 52 58 63 68 72 93 94
雷茗 2 9 10 38 57 59 62 63 68 78 82 83 89
宿宝玉 4 39 48 57 63 65 68 79 82 86 89 91
陈惠琳 2 10 57 62 65 68 78 79 82 83 89 91
吴盛鹏 1 10 36 38 40 41 45 47 48 51 57 62 89
李会杰 6 9 42 63 64 65 68 74 81 93 94 98 100
丁振华 2 7 10 37 38 44 45 57 68 78 83 85 93
陈雪洁 1 50 51 59 70 76 77 90 92 93 95 98 100
王艳霞 65 69 76 82 85 86 87 88 89 91 93 94 98
吴丽言 2 10 12 20 40 57 59 63 68 71 78 83 89
彭宝发 9 11 13 28 35 36 40 48 49 89 94 100
朱媛媛 1 2 10 48 57 58 59 60 62 65 68 71 78
宋树玲 1 2 4 10 36 41 48 62 68 71 82 83 89 91
何玮 1 10 48 57 59 65 68 78 82 86 89 93 98
黑洋溢 6 11 16 23 30 35 50 63 72 85 92 93 97
连春娜 1 11 14 25 57 58 63 68 78 79 86 89 93
叶慧艳 1 2 6 10 21 28 34 39 45 58 76 85 90
张晓强 30 48 49 57 63 65 68 78 82 85 89 91 93
张义 2 9 10 12 17 19 41 57 65 68 78 82 89
李凯 3 4 9 15 17 30 39 52 55 63 74 85 89 90 93 94
赵颖 1 16 48 51 57 59 63 64 68 76 78 86 89 91
黄茜 2 10 45 48 57 62 66 68 71 72 76 78 80
王冬睿 2 5 14 27 28 30 31 46 51 57 68 71 72 82 89 90
唐隆云 4 15 58 62 68 69 74 76 77 81 85 94 100
梁美霞 1 4 10 57 59 61 63 64 65 68 69 78 89
于萍 4 5 6 9 11 51 52 53 55 56 94 99 100
刘贤会 1 4 8 10 50 62 64 77 85 90 92 93 94
刘学栋 1 57 63 65 68 78 89 90 91 93 94 95 98
汪婷 6 12 15 17 19 22 36 46 58 62 64 66 76
林强 2 7 10 17 20 45 48 57 65 68 71 78 91
董雨璇 4 36 48 57 62 63 65 68 71 78 82 93 95
魏莎 4 9 15 21 25 29 43 48 62 63 72 77 90
康静 1 39 42
马立亮 1 2 3 4 6 15 42 50 52 63 68 77 89
高翠萍 4 5 28 48 49 82 89 90 93 98 100
蔡伟君 1 3 6 8 14 15 21 23 34 48 63 64 68 76 77 85
蒋雪涛 86 95
张杨 4 5 8 11 20 21 28 31 36 39 55 80 87
曾晓冬 2 5 7 39 44 46 50 57 68 76 89 90 93
胡志远 2 57
张永华 1 2 3 10 17 26 39 40 41 42 44 68 76 81
巫雷 4 6 21 22 25 29 59 62 65 68 80 90 93
冯丽贞 4 5 6 8 14 15 23 24 27 36 43 63 92
吴芳 4 5 6 30 36 46 68 78 79 82 89 90 92
刘宇 4 7 11 17 30 42 49 52 61 69 78 80 90
韩连友 4 8 12 22 36 37 44 46 49 54 61 98 100
曹洪茹 10 19 35 57 63 64 65 68 69 78 82 89 93
徐冰 3 5 14 27 30 45 58 62 67 84 89
孟真 4 18 34 37 39 43 48 54 57 70 85 91 92
刘高生 9 11 23 25 42 68 74 77 88 90 94 100
周飞 9 15 17 18 19 20 27 37 43 45 74 82 93
陈永欢 2 3 5 6 13 20 22 24 26 27 31 32 37
赵赵强 2 10 26 39 40 41 42 43 63 77 85 93 94
牛晓燕 10 15 23 27 29 36 67 70 80 92 97 98
王斌 3 5 10 12 14 16 20 21 24 42 68 75 100
邹杰强 21 22 25 38 48 65 76 77 80 89 94 98
王志刚 1 13 17 18 36 89 92 93
杨加富 10 21 23 25 30 36 40 46 58 74 76 89 98
覃国强 25 27 29 38 43 61 65 67 74 76 82 86 99
雷涵 4 13 48 57 63 65 68 79 82 85 90 93 95
赵欣欣 2 10 13 26 30 43 49 55 69 72 78 79 94 99
梁梁雨 1 5 21 25 26 27 34 48 65 82 92 93 94
唐云 18 23 43 59 65 69 89 90 91 92 94 98 100
米允飞 11 12 15 16 30 49 55 56 95
谢玉峰 1 4 10 29 48 49 52 53 57 58 90 91 93 94
石志林 19 31 44 45 47 48 50 52 59 63 68 89 100
刘亮 14 15 30 39 45 54 55 58 59 73 82 93 95
李庆辉 1 10 14 15 25 26 30 48 62 68 76 94 100
董彦彦 4 17 23 31 36 59 64 66 67 79 85 93 94
赵爱玲 1 2 3 4 5 6 7 8 9 11 13 14 16 17 18 23 29 34 41 48 58 64 65 82 99
邓瑶 4 10 13 15 21 30 39 43 57 62 89 90 100
王佩龙 11 21 24 29 32 46 47 55 89 100
王占元 1 2 5 8 10 14 23 30 33 43 76 78 100
赵丽 14 15 36 41 48 49 58 61 70 74 91 93 98 100
吴明勇 1 3 14 15 21 30 39 48 61 89 92 93 94 95
艾宪凤 2 4 9 10 17 24 26 27 29 32 48 49 51 52
刘海霞 1 6 23 29 44 57 64 65 68 71 82 86 97
白冰山 1 11 15 19 36 42 47 48 49 72 76 90 93
浦声杰 9 15 21 27 28 34 72 74 77 85 92 96 100
郝袆 1 7 11 15 22 26 30 37 47 48 59 92 98
周冠来 7 11 15 16 17 21 23 24 25 26 42 43 83 86 89 94 100
陈有林 1 6 9 12 13 14 15 29 30 70 71 72 73
郑鹏 1 8 10 57 63 64 65 68 69 75 89 95 98
王俊浩 1 11 14 15 29 30 35 52 53 54 94 97 100
高乐进 1 4 14 15 35 40 54 61 76 78 83 89 99
赵春荣 11 17 19 20 22 30 38 41 44 65 77 81 84
高留辉 6 12 21 30 40 42 45 50 54 60 75 78 99
张凯 7 16 24 25 29 35 47 50 53 82 89 93 99 100
邵帅 15 17 21 23 25 42 45 50 63 68 76 85 94 100
林龙 5 15 23 27 33 35 46 52 72 89 91 93 94
孙玥 2 4 5 17 18 26 27 40 45 48 67 93 94 99
何云辉 1 4 5 6 11 12 13 15 19 22 27 36 37 42 89 90
马雪飞 1 11 15 21 22 25 27 30 31 37 44 89 94
周雅平 5 11 14 23 25 33 35 45 52 54 55 68 79 89
魏征 6 11 17 23 64 69 80 81 89 93 94 95 98
吴荣成 1 4 6 8 13 32 35 39 42 44 52 53
罗文宽 3 6 12 13 15 32 33 36 37 61 67 80 82 87 90
丁瑜 9 11 15 22 25 30 39 46 58 62 74 81 94
李乾 7 21 24 25 27 42 47 58 62 65 68 93 100
孙婧婷 5 10 12 13 16 30 44 57 64 66 68 93 98
施俊杰 1 7 11 13 15 17 19 34 36 53 74 93 94
吉周 2 3 4 6 8 10 12 15 17 25 72
张永智 1 6 23 24 30 31 42 44 47 58 75 83 93
杨成江 36 37 38 75 89 92 93 94 96 99 100
余兴 2 6 15 25 39 45 57 60 61 72 85 89 92 100
杨涛 1 2 18 19 20 25 29 34 41 42 48 49 74 80
宋艳军 23
褚申 14 15 21 25 28 30 44 62 64 76 79 85 86
马迅 1 39 40 41 42 82 86 90 91 92 93 94 95
黄娇 1 14 15 19 20 21 23 26 29 43 47 62 63
江雪琴 2 4 10 15 21 37 47 55 61 63 70 81 90 93 96
孙会青 24 25 26 27 30 32 53 67 68 71 86 87 89
陈亮 1 2 8 23 36 37 38 59 82 86 89 91 93
邵鹏宇 3 6 9 19 24 39 42 45 46 50 52 55 76
丁仰銮 1 4 5 6 7 23 30 31 45 74 76 77 89
韩松 1 9 10 12 14 21 22 23 27 36 38 39 44 47 49 58 63 64 65 78 93 94 98 99 100
李小雪 2 3 4 5 6 19 20 43 47 57 62 76 93 94
唐敏 10 11 12 25 29 42 57 62 63 76 77 89 94
李湘 1 2 3 4 5 6 7 8 9 10 11 13 93
谢易宸 6 10 11 19 39 50 52 63 71 72 74 76 77
刘晓静 10 14 23 24 26 27 42 43 47 63 74 90 93
宋丹丹 2 7 10 17 38 45 48 57 65 68 78 82 91
欧燕 19
于洋 1 2 3 17 23 25 27 34 37 45 46 47 59 82
钟军生 2 7 23 30 39 42 59 68 76 77 78 80 85
林涛 1 2 10 14 48 52 53 54 59 89 97 98 100
李云霞 8 14 15 23 25 29 40 41 43 44 74 77 84 89 98
周梅玲 1 12 25 37 49 52 61 64 73 76 77 86 98
蔡学娜 4 8 9 14 15 34 38 40 44 48 49 79 90 98
戴春红 2 4 30 35 37 48 52 53 54 63 68 90 100
倖华庆 10 17 21 29 57 58 62 73 82 89 92 94
杨娟 2 7 22 25 47 50 51 61 68 85 87 94 97
汪乐乐 6 16 23 26 36 39 46 56 62 66 76 86 96
朱永斌 23 57 63 70 85 89 90 98 100
谢丽娟 16 36 37 38 43 59 62 68 77 83 85 89
倪申潮 4 17 21 45 50 51 61 68 69 76 89 90 94
扈宁宁 10 11 18 68 73 74 76 78 81 83 84 89 92
白晨阳 1 2 10 21 28 30 39 42 44 85 86 89 98
张献广 10 14 16 36 40 47 48 57 59 68 82 85 89
段庆北 1 3 6 9 22 27 29 31 32 43 57 58 73
姚福信 4 7 21 25 30 47 48 49 52 90 92 97 100
张晓琴 1 2 3 13 14 15 21 26 27 50 51 62
赢赢华 12 14 17 40 47 48 49 50 62 65 70 76 94
韦维 1 5 19 20 26 36 43 46 49 74 82 83 89
张焕荣 7 11 12 14 15 16 77 78 80 82 83
辛峰 1 3 10 22 28 39 44 54 56 60 61 71 72
任丽艳 1 9 11 17 25 42 43 82 86 89 93 97 99
逯发铎 3 5 15 19 37 42 50 76 78 83 85 92
曾婵娟 16 30 43 64 66 68 69 93 95
许海龙 1 6 7 14 25 30 47 58 65 89 95 98 100
周艳平 1 7 16 19 20 29 35 47 49 63 85 90 100
顾峰 1 2 3 10 15 24 48 50 52 57 59 74 76 90 94
杨世界 1 4 14 27 36 37 48 59 68 70 73 94 98
蒋进杰 10 55 56 80 94 100
刘东斌 1 2 3 4 5 6 8 16 53 54 55 56
刘婷 11 12 20 24 27 29 32 45 48 67 76 100
王志伟 1 7 14 15 24 63 65 92 93
王天来 1 6 15 17 19 23 25 39 42 49 52 69 78
武喜华 2 5 7 19 22 28 44 50 76 83 96 98 99 100
赵传慧 2 12 13 23 24 27 36 50 67 69 95 98 100
江施坤 1 15 17 21 23 30 37 38 50 51 62 86 99
于泉 7 8 15 48 49 63 68 85 86 89 92 93 100
苏林通 9 21 22 25 26 29 30 61 62 68 74 89 100
阮斌 2 6 8 10 19 21 35 46 47 48 52 77 93 100
赵琳 1 14 15 21 23 24 62 63 64 82 89 90 92
钟凯骅 23 36 37 46 58 59 76 89 90 93 94 95
叶立光 15 21 26 42 43 52 59 66 74 77 79 88 100
张华 11 14 19 29 32 43 47 54 55 58 67 81 86
唐冬亮 4 5 6 9 27 45 46 64 73 74 89 90 94 100
王志红 9 10 18 28 29 30 42 58 77 78 80 82 91
周翱翱 39 42 52 55 60 64 68 83 89 92 93 94 100
苏海斌 1 7 10 23 24 34 37 39 76 100
林斌 4 5 6 45 50 61 62 63 64 74 93 94 100
陈超 6 23 25 37 42 43 73 75 76 92 94 95 100
喻鑫杰 1 8 9 10 11 19 29 31 36 37 38 58 65
姚伟 1 4 5 14 20 21 23 29 37 38 42 68 85 100
曹杰 4 8 17 18 37 38 52 53 86 87 93 94 100
陈林伟 2 3 4 5 6 11 33 34 36 40 46 82 99
张世俊 1 3 5 7 9 15 53 97 98 99 100
张婧 1 57 59 63 65 68 78 82 86 89 91 93 98
张纪强 1 2 5 9 10 34 41 43 45 46 52 69 80
周进 5 16 26 27 54 55 56 72 75 78 86 97 100
潘少红 1 20 25 41 48 49 63 65 68 78 80 81 100
刘辉 1 4 5 6 15 23 25 29 30 36 37 38 68
袁雪波 2 4 19 20 57 65 68 78 82 89 93 98 100
张慧 14 23 42 48 49 60 63 65 68 76 85 94 100
黄绍敏 6 7 15 16 27 47 53 59 82 89 90 93 100
季晓雷 10 23 41 48 57 58 63 65 68 71 75 78 82 89
林丽芳 2 8 9 10 19 39 48 57 65 68 78 85 89 91
李桂芬 4 7 10 19 40 48 57 63 65 68 76 78 89
刘晓军 1 4 6 12 21 35 37 39 45 52 57 68 93
曾祥翔 4 14 15 17 30 75 76 77 78
陆娇妹 10 36 48 57 58 62 65 68 71 78 82 85 93
曹中淙 1 2 4 9 10 35 39 40 41 57 62 63 65 68 78 89 92 93 94
桂迪 1 6 36 37 38 39 40 59 63 64 65 69 92
王思涛 10 48 57 60 62 63 64 65 68 71 78 83 89
国晓磊 1 12 13 15 18 19 21 50 72 78 81 93 94
杨冬冬 10 23 36 48 57 59 62 68 71 82 83 89 91
李雷 19 36 57 59 63 65 68 76 82 86 89 91 93
荣超华 10 15 17 21 22 23 24 65 68 76 85 89 98
邹燕青 1 10 48 57 58 62 63 65 68 71 75 76 82 91
郑奕 1 3 4 6 35 45 50 52 53 72 89 93 100
宋云飞 13 14 21 25 36 40 54 58 64 77 98 100
俞泽旭 4 5 6 11 12 16 21 28 30 42 48 50 55 65 68
何剑波 2 4 8 10 19 40 41 57 65 68 82 85 89
王王丽 7 8 9 11 14 47 53 54 62 66 94 95 100
庄宪权 4 7 8 9 10 12 15 17 18 23 41 47 49
侯辉 2 10 45 57 64 65 68 76 78 82 86 89 93
赵炳菲 2 11 48 57 58 62 63 65 68 71 82 89 91
吴利亮 9 19 29 39 49 59 69 79 89 99
欧朝莲 1 2 4 7 9 10 12 19 57 70 83 89 100
王燕 9 15 19 21 31 37 39 40 41 42 43 65 73 74
饶启睿 8 15 21 22 26 30 37 42 45 50 52 63 80 85 94
杨兆宇 1 60 61 64 74 75 90 95
张虎成 1 4 10 14 17 34 42 43 61 74 78 80 87
潘宇琴 1 35 48 52 53 54 65 89 100
陈庆玲 1 8 45 46
丁娜娜 10 12 14 18 26 29 31 46 58 63 72 74 90 94
陈志嘉 2 3 4 5 6 7 8 23 25 37 56 64 68
陈庭军 3 16 26 30 37 45 50 72 74 85 86 89 90 94
杜伯玲 4 5 6 15 35 76 85 100
韩晋云 3 9 15 28 46 49 55 59 69 74 76 78 82
钟悦 12 60 65 69 74 76 77 80 81 83 85 86 98
黄名萍 5 8 9 13 14 15 20 25 30 31 34 37 74
黄瑞霞 4 5 6 80 89 94
王思娣 1 2 3 4 5 6 8 26 27 32 33 37 58
卢丹 5 9 11 17 19 21 35 37 39 50 52 58 68
崔丽丽 5 10 15 57 63
刘旭 1 4 5 6 7 11 15 37 43 45 53 90
杨雄 39 40 41 45 46 57 75 76 78 84 86 89 90
潘英栋 1 3 9 12 17 57 58 63 64 85 89 90 94
杨静 1 4 9 17 19 23 44 48 59 78 85 86 100
王秉钦 2 10 14 39 45 57 62 63 65 68 78 82 83 89 93
戴佳龄 1 2 10 19 22 57 64 65 68 78 89 93 100
宋慧 14 15 21 23 24 25 40 57 90 91 93 94
王亚萍 2 4 10 17 23 40 45 48 57 63 68 78 89
翟卉 1 2 4 10 38 48 56 57 63 68 78 89 98
邓增伟 1 2 8 10 62 68 72 73 76 79 87 99 100
李慧敏 1 19 21 30 91 93
张敏 2 7 10 12 17 20 23 34 41 57 89 98 100
王萍 1 2 57 58 59 63 64 68 89 91
陈香如 19 23 48 57 63 64 65 68 78 82 98 99
杨凤云 1 57 63 64 65 68 78 83 84 86 89 92 100
张茸 9 10 17 20 35 40 44 45 57 59 65 89 93
张美英 71 97
张美英 46 89 97
叶豪 1 2 4 10 15 48 57 63 89 93 94
于静 59 90
訾鲁东 89
张美英 7 13 16 35 47 59 89 90 97 98
叶豪 1 68 89
訾鲁东 1 15 48 57 63 89 93 94 98 100
倪帅 1 2 4 10 15 48 57 63 68 89 93 94 98 100
于静 1 2 91
戴振 59
于静 97
郭微 1 10 15 48 57 62 63 65 68 76 78 89 93 94 100
叶豪 59 97
郭微 1 10 15 48 57 62 63 65 68 76 78 89 93 94 100
韩云德 7 20 24 25 33 35 47 51 54 67 70 75 85
韩云德 8 11 20 24 26 27 32 37 42 45 50 57 65
卢涛备 1 2 3 4 5 6 8 15 21 23 47 58 68 93
任忠诚 1 2 3 7 19 20 35 42 74 78 97 99 100
聂伟胜 3 17 21 30 32 36 55 58 62 68 85 89 90
聂奎 1 6 9 14 15 19 30 48 62 63 89 94 98
张学普 5 6 9 39 44 48 61 62 64 65 68 73 75
唐小喻 12 17 19 23 38 57 59 65 82 89 91 93 98
唐小喻 12 17 19 23 38 57 59 65 82 89 91 93 98
于静 67 89
黄进添 10 14 18 21 23 64 65 68 85 89 94 98
蒋兰兰 2 8 13 18 19 22 23 30 31 47 51 52 71 76 92 96 100
胡胜 3 7 12 14 27 37 49 65 67 73 77 81 94
唐琦 1 10 57 62 63 68 71 72 76 77 80 89
赵雷 5 7 9 10 12 14 44 58 68 73 76 87 93
李金涛 2 7 9 10 17 20 38 45 57 65 68 82 91
徐冲 9 10 12 17 29 36 68 89 91 92 93 94 98 100
严飞霞 2 77 100
罗春丽 1 26 57 65 66 67 68 69 70 76 77 89 90
卢菊 8 9 12 14 21 41 43 49 58 60 74 85 96 100
张永强 21 23 27 29 30 36 48 49 50 51 68 82 89 90
刘海琴 2 7 9 12 16 19 23 27 34 55 56 57 78
孙艳君 1 3 4 15 21 31 32 33 34 55 56 66 79
宋明霞 1 3 5 6 7 8 11 15 16 17 35 41 42
蔡心勇 
蔡心勇 12 15 21 23 46 58 61 68 69 82 92 93 94
肖国磊 4 5 6 8 11 30 42 43 45 46 61 76 89
常廷玉 6 8 11 36 38 42 44 53 66 68 70 83 98
孙玥 1 4 5 6 8 9 14 23 26 29 70 89 93
韩亚春 8 11 12 19 22 23 24 26 27 36 40 50 53
于德朋 14 15 17 18 28 44 65 66 67 87 88 96 97 100
邢健 2 10 17 19 40 45 57 63 65 68 89 91 93
王国杰 1 2 4 10 15 48 57 63 68 89 93 94 100
刘书娜 
陈贝思 10 36 38 41 45 48 49 57 63 65 68 71 82 86 91
曾炽光 4 5 14 18 20 22 30 35 37 68 72 85 86
彭仁俊 1 10 12 19 23 44 47 68 76 77 89 90 98
付婵洁 1 13 29 42 63 64 65 68 69 70 72 77 78 79 80 81 82 83 84 85 86 89 90 91 92 93 94 98 100
张翼翔 4 5 6 89 100
蓝洋 1 2 3 4 5 6 7 8 9 10 23 25 100
李锡斌 1 2 6 7 8 10 11 17 19 35 57 70 89
郑钧心 1 4 5 9 10 11 12 30 37 64 65 74 75
刘波 1 3 7 15 35 49 52 58 62 68 72 85 89
王磊 2 3 4 5 6 7 8 9 12 53 57 62 63
王磊 2 3 12 17 18 28 29 39 49 50 52 62 63
戴明芳 55 56
李增波 1 15 31 51 54 64 65 69 86 89 92 94 100
曾铭磷 1 2 3 4 5 6 7 8 9 10 15 22 28
段中华 1 10 21 23 25 57 63 65 68 74 76 89 94
杨文宇 4 15 21 31 37 47 50 68 76 81 93 94 100
姚远 8 36 37
李孟晋 13 26 28 40 52 61 64 73 86 89 98 99 100
杨佳 3 10 19 28 36 44 50 51 52 60 68 77 85
朱树超 2 4 6 15 21 37 45 47 50 62 65 78 89
张伟 2 10 16 48 57 63 65 68 78 82 86 89 93
张伟 2 10 16 48 57 63 65 68 78 82 86 89 93
李玉宝 1 3 14 27 29 31 40 45 46 60 80 85 96
周泗籴 1 3 11 21 29 53 63 68 77 85 89 90 100
张锐 1 3 4 5 15 21 23 24 25 26 30 39 77
刘永富 1 3 8 23 39 44 57 63 70 85 90 91 96 98
王晓亮 1 4 10 17 23 33 49 63 68 74 77 89 90 94
隋晓伟 15
肖松 3 8 11 14 15 21 24 25 27 30 46 47 88
周瑾林 1 3 7 15 19 21 23 28 30 42 74 85 89
赵健华 2 3 4 5 6 7 8 11 18 22 52 55 70
陈雨 1 10 11 12 17 25 49 59 64 82 89 97 98
段新亮 1 9 14 15 18 24 38 44 45 48 49 68 100
王坤 4 10 15 18 42 50 75 78 81 83 90 93 94
马野 26 27 34 45 62 71 86 89 90 92 93 94 98 100
邓梅 2 4 10 48 57 58 68 71 78 83 85 89 93
张毅 14 57 59 63 65 68 78 82 89 91 95 99 100
黄彦飞 1 5 7 11 13 19 28 35 47 60 85 86 96
刘江峰 6 20 21 22 23 46 47 55 68 76 89 93 94
赵妍 1 6 24 62 89 90 91 92 93 94 98 99 100
卢玲玉 5 9 18 33 36 40 45 48 57 63 68 83 90 98 100
张继红 1 3 8 48 49 57 58 65 68 85 89 91
唐振 10
周铭新 16 17 18 36 37 38 59 85 89 90 91 93 95 100
葛红 21 23 26 27 29 41 74 75 89 92 94 98 100
杜玮 1 10 14 24 36 45 48 50 85 89 93 94 99
张瑞瑞 1 2 3 4 6 8 32 68 85 89 93 94 100
李帅 1 9 10 11 20 29 30 31 38 39 40 47 48
吴健民 1 2 4 9 14 17 48 57 62 65 68 89 93
贺贺婧 1 2 4 5 6 19 23 27 47 54 55 93 94
张洁 1 10 45 51 57 58 62 64 65 68 71 76 98
高兵会 1 3 6 19 39 42 50 52 55 66 75 83 84
赵志安 12 21 36 37 63 65 68 73 75 83 85 90 94 98
朱康红 4 10 19 26 38 40 42 57 68 78 83 89 93
周庆宁 1 10 11 21 27 59 68 74 82 94 97 98 100
胡海涛 2 6 10 11 36 57 62 63 68 71 78 83 89
王伟 1 6 13 19 21 23 39 42 45 50 52 74 77 80 90
张瑜 14 15 28 69
聂月民 2 5 6 16 17 19 25 47 49 53 62 93 94
徐辉 1 15 28 36 42 62 68 70 73 80 90 92 94
祝璇 17 36 45 48 49 58 59 68 69 70 86 90 91
何文华 2 3 7 8 9 37 48 63 65 77 84 93 95
武永强 1 5 30 38 42 60 69 86 91 94 99
王进 2 10 12 16 17 19 36 40 41 57 63 65 71 78
陈小曼 17 18 23 36 37 38 48 66 79 83 92 99 100
李扬 2 14 21 55 57 62 64 65 68 78 86 89 98
陈婷 2 10 39 48 52 57 62 68 71 78
李京航 1 2 3 18 23 24 31 48 59 60 63 80 82 90 94 99
韩飞 2 4 8 9 10 19 23 57 63 65 78 82 89
叶王杰 1 10 14 19 29 30 44 68 69 76 77 78 82
林智敏 10 15 21 22 26 27 30 31 36 37 38 75 89
尹保瑞 2 4 8 9 10 19 23 57 63 65 78 82 89
刘千里 2 38 57 62 63 65 68 78 82 83 86 89 91
郭云伟 4 6 9 14 15 19 21 22 30 34 45 58 62
张学理 6 15 19 20 21 22 23 27 47 76 77 89 93
陈龙健 7 28 30 31 37 41 52 58 68 77 79 89 91 96 99 100
程豪 1 4 7 10 15 17 18 21 22 24 28 36 79 100
郎罡 7 19 23 30 33 57 59 71 89 93 94 95 98
吴玲 10 11 12 23 65 70 86 89 90 92 94 95 98
陈娟娟 1 3 5 6 8 9 10 12 14 17 25 28 100
李维滨 1 9 10 25 29 59 63 68 72 74 77 81 89 100
张沁瑜 1 20 23 41 48 57 58 63 65 68 85 89 98
莫燕 9 12 15 17 43 48 66 72 74 76 77 81 98
潘佳 1 4 13 15 21 30 37 50 51 77 90 92 93
